      1   -3.51662    2.72757
      2   -3.62111    2.71327
      3   -3.69772    2.74012
      4   -3.67926    2.69663
      5   -3.53395    2.73742
      6   -3.60894    2.75796
      7   -3.78172    2.71278
      8   -3.77999    2.70242
      9   -3.7417     2.62888
     10   -3.8        2.64465
     11   -3.82455    2.61479
     12   -3.84797    2.61881
     13   -3.80781    2.64514
     14   -3.88746    2.56924
     15   -3.83578    2.65105
     16   -3.92014    2.62114
     17   -3.84519    2.59339
     18   -3.93799    2.60621
     19   -3.91666    2.53019
     20   -3.96027    2.57043
     21   -3.98933    2.60872
     22   -4.02965    2.62847
     23   -3.97297    2.53241
     24   -3.98081    2.59772
     25   -3.98875    2.59234
     26   -4.02387    2.58235
     27   -3.99602    2.49102
     28   -3.9553     2.4969
     29   -4.93922    1.51781
     30   -4.86931    1.74075
     31   -4.82399    1.74607
     32   -4.95198    1.62748
     33   -4.85443    1.64754
     34   -4.90793    1.65097
     35   -7.16817    1.61469
     36   -5.78774    1.62726
     37   -6.35705    1.52533
     38   -6.18483    1.53357
     39   -6.22724    1.38803
     40   -6.61771    1.28787
     41   3.11401118518   -0.411147030763
     42   2.96593069912   -0.402503029437
     43   2.98546250217   -0.409855248438
     44   2.98979854911   -0.385147498078
     45   3.06544381224   -0.405753739185
     46   3.01957602946   -0.395673504729
     47   3.07645775765   -0.367502970488
     48   3.1049388824   -0.373487305614
     49   2.93097477448   -0.367286183487
     50   3.06220756008   -0.368557852525
     51   3.10170445603   -0.375393457157
     52   3.19449949918   -0.396813065371
     53   3.0412563944   -0.337550803766
     54   2.97826889645   -0.3478730165
     55   2.98937805351   -0.327623015123
     56   3.01829526556   -0.312133188779
     57   3.0686287907   -0.317911187168
     58   3.0521589954   -0.357907011997
     59   3.08368088523   -0.34667751285
     60   3.09772277831   -0.312479798751
     61   2.99939628985   -0.314444907353
     62   2.92442563937   -0.304263930253
     63   3.04074311311   -0.287967268427
     64   3.01505899946   -0.244719955604
     65   2.97688675219   -0.278884237545
     66   3.11110438118   -0.310471612531
     67   3.0177758463   -0.304602635956
     68   2.97871851503   -0.293619375001
     69   2.98792442251   -0.300758247442
     70   2.99106526247   -0.30192394315
     71   2.98912692917   -0.279225483839
     72   2.99487930032   -0.306432675315
     73   2.93393740944   -0.328476952854
     74   2.99355631983   -0.333119194849
     75   2.9972351485   -0.337003097295
     76   2.96295549961   -0.360825006098
     77   3.01472652902   -0.332275949378
     78   3.17269837373   -0.407183760112
     79   2.94687922443   -0.359367414456
