      1   -3.51662    2.72757
      2   -3.62111    2.71327
      3   -3.69772    2.74012
      4   -3.67926    2.69663
      5   -3.53395    2.73742
      6   -3.60894    2.75796
      7   -3.78172    2.71278
      8   -3.77999    2.70242
      9   -3.7417     2.62888
     10   -3.8        2.64465
     11   -3.82455    2.61479
     12   -3.84797    2.61881
     13   -3.80781    2.64514
     14   -3.88746    2.56924
     15   -3.83578    2.65105
     16   -3.92014    2.62114
     17   -3.84519    2.59339
     18   -3.93799    2.60621
     19   -3.91666    2.53019
     20   -3.96027    2.57043
     21   -3.98933    2.60872
     22   -4.02965    2.62847
     23   -3.97297    2.53241
     24   -3.98081    2.59772
     25   -3.98875    2.59234
     26   -4.02387    2.58235
     27   -3.99602    2.49102
     28   -3.9553     2.4969
     29   -4.93922    1.51781
     30   -4.86931    1.74075
     31   -4.82399    1.74607
     32   -4.95198    1.62748
     33   -4.85443    1.64754
     34   -4.90793    1.65097
     35   -7.16817    1.61469
     36   -5.78774    1.62726
     37   -6.35705    1.52533
     38   -6.18483    1.53357
     39   -6.22724    1.38803
     40   -6.61771    1.28787
