1	78	0	0	5.357
1	78	0	1	5.671
1	78	0	2	5.175
1	78	0	3	5.002
2	90	0	0	5.473
2	90	0	1	4.775
2	90	0	2	5.009
2	90	0	3	4.896
3	89	0	0	4.961
3	89	0	1	4.946
3	89	0	2	5.194
3	89	0	3	5.114
4	88	0	0	5.586
4	88	0	1	5.230
4	88	0	2	5.963
4	88	0	3	5.200
5	77	0	0	5.608
5	77	0	1	5.846
5	77	0	2	5.762
5	77	0	3	5.877
6	85	0	0	5.113
6	85	0	1	5.117
6	85	0	2	5.201
6	85	0	3	5.398
7	84	0	0	4.930
7	84	0	1	4.098
7	84	0	2	4.992
7	84	0	3	5.620
8	32	0	0	4.716
8	32	0	1	5.305
8	32	0	2	5.173
8	32	0	3	5.322
9	69	0	0	5.423
9	69	0	1	5.232
9	69	0	2	5.244
9	69	0	3	5.686
10	79	0	0	5.360
10	79	0	1	5.773
10	79	0	2	5.678
10	79	0	3	5.678
11	76	0	0	5.485
11	76	0	1	5.508
11	76	0	2	5.419
11	76	0	3	5.414
12	83	0	0	4.730
12	83	0	1	5.208
12	83	0	2	5.360
12	83	0	3	5.148
13	70	0	0	4.984
13	70	0	1	5.201
13	70	0	2	5.097
13	70	0	3	5.685
14	73	0	0	5.611
14	73	0	1	5.530
14	73	0	2	6.185
14	73	0	3	5.123
15	86	0	0	5.324
15	86	0	1	5.368
15	86	0	2	5.058
15	86	0	3	5.375
16	87	0	0	5.390
16	87	0	1	5.232
16	87	0	2	4.897
16	87	0	3	4.752
17	82	0	0	5.260
17	82	0	1	5.594
17	82	0	2	5.544
17	82	0	3	5.457
18	72	0	0	5.187
18	72	0	1	5.491
18	72	0	2	5.432
18	72	0	3	5.448
19	67	0	0	5.131
19	67	0	1	5.618
19	67	0	2	5.102
19	67	0	3	5.268
20	65	0	0	4.904
20	65	0	1	4.849
20	65	0	2	4.628
20	65	0	3	5.076
21	35	0	0	5.388
21	35	0	1	5.507
21	35	0	2	5.557
21	35	0	3	5.057
22	36	0	0	5.371
22	36	0	1	4.960
22	36	0	2	5.460
22	36	0	3	5.452
23	44	0	0	4.959
23	44	0	1	4.829
23	44	0	2	4.899
23	44	0	3	4.925
24	51	0	0	5.567
24	51	0	1	5.408
24	51	0	2	5.859
24	51	0	3	5.803
25	142	0	0	5.811
25	142	0	1	5.629
25	142	0	2	7.504
25	142	0	3	5.655
26	143	0	0	5.947
26	143	0	1	5.946
26	143	0	2	6.283
26	143	0	3	5.590
27	145	0	0	6.656
27	145	0	1	6.856
27	145	0	2	6.285
27	145	0	3	6.813
28	144	0	0	6.025
28	144	0	1	5.809
28	144	0	2	6.306
28	144	0	3	5.610
1	115	1	0	5.411
1	115	1	1	5.597
1	115	1	2	5.459
1	115	1	3	5.522
1	40	2	0	5.411
1	40	2	1	5.597
1	40	2	2	5.459
1	40	2	3	5.522
1	101	3	0	5.411
1	101	3	1	5.597
1	101	3	2	5.459
1	101	3	3	5.522
1	96	4	0	5.411
1	96	4	1	5.597
1	96	4	2	5.459
1	96	4	3	5.522
1	98	5	0	5.411
1	98	5	1	5.597
1	98	5	2	5.459
1	98	5	3	5.522
1	95	6	0	5.411
1	95	6	1	5.597
1	95	6	2	5.459
1	95	6	3	5.522
1	105	7	0	5.411
1	105	7	1	5.597
1	105	7	2	5.459
1	105	7	3	5.522
2	122	1	0	5.580
2	122	1	1	5.527
2	122	1	2	5.612
2	122	1	3	5.790
2	104	2	0	5.580
2	104	2	1	5.527
2	104	2	2	5.612
2	104	2	3	5.790
2	100	3	0	5.580
2	100	3	1	5.527
2	100	3	2	5.612
2	100	3	3	5.790
2	106	4	0	5.580
2	106	4	1	5.527
2	106	4	2	5.612
2	106	4	3	5.790
2	123	5	0	5.580
2	123	5	1	5.527
2	123	5	2	5.612
2	123	5	3	5.790
2	34	6	0	5.580
2	34	6	1	5.527
2	34	6	2	5.612
2	34	6	3	5.790
2	113	7	0	5.580
2	113	7	1	5.527
2	113	7	2	5.612
2	113	7	3	5.790
3	99	1	0	5.609
3	99	1	1	5.539
3	99	1	2	5.707
3	99	1	3	5.707
3	121	2	0	5.609
3	121	2	1	5.539
3	121	2	2	5.707
3	121	2	3	5.707
3	114	3	0	5.609
3	114	3	1	5.539
3	114	3	2	5.707
3	114	3	3	5.707
3	94	4	0	5.609
3	94	4	1	5.539
3	94	4	2	5.707
3	94	4	3	5.707
3	97	5	0	5.609
3	97	5	1	5.539
3	97	5	2	5.707
3	97	5	3	5.707
3	111	6	0	5.609
3	111	6	1	5.539
3	111	6	2	5.707
3	111	6	3	5.707
3	37	7	0	5.609
3	37	7	1	5.539
3	37	7	2	5.707
3	37	7	3	5.707
4	124	1	0	5.329
4	124	1	1	5.736
4	124	1	2	5.486
4	124	1	3	5.820
4	108	2	0	5.329
4	108	2	1	5.736
4	108	2	2	5.486
4	108	2	3	5.820
4	109	3	0	5.329
4	109	3	1	5.736
4	109	3	2	5.486
4	109	3	3	5.820
4	102	4	0	5.329
4	102	4	1	5.736
4	102	4	2	5.486
4	102	4	3	5.820
4	118	5	0	5.329
4	118	5	1	5.736
4	118	5	2	5.486
4	118	5	3	5.820
4	107	6	0	5.329
4	107	6	1	5.736
4	107	6	2	5.486
4	107	6	3	5.820
4	120	7	0	5.329
4	120	7	1	5.736
4	120	7	2	5.486
4	120	7	3	5.820
5	141	1	0	5.718
5	141	1	1	5.627
5	141	1	2	5.582
5	141	1	3	5.978
5	147	2	0	5.718
5	147	2	1	5.627
5	147	2	2	5.582
5	147	2	3	5.978
5	137	3	0	5.718
5	137	3	1	5.627
5	137	3	2	5.582
5	137	3	3	5.978
5	139	4	0	5.718
5	139	4	1	5.627
5	139	4	2	5.582
5	139	4	3	5.978
5	136	5	0	5.718
5	136	5	1	5.627
5	136	5	2	5.582
5	136	5	3	5.978
5	140	6	0	5.718
5	140	6	1	5.627
5	140	6	2	5.582
5	140	6	3	5.978
5	138	7	0	5.718
5	138	7	1	5.627
5	138	7	2	5.582
5	138	7	3	5.978
6	91	1	0	5.507
6	91	1	1	5.548
6	91	1	2	5.358
6	91	1	3	5.440
6	130	2	0	5.507
6	130	2	1	5.548
6	130	2	2	5.358
6	130	2	3	5.440
6	133	3	0	5.507
6	133	3	1	5.548
6	133	3	2	5.358
6	133	3	3	5.440
6	131	4	0	5.507
6	131	4	1	5.548
6	131	4	2	5.358
6	131	4	3	5.440
6	134	5	0	5.507
6	134	5	1	5.548
6	134	5	2	5.358
6	134	5	3	5.440
6	132	6	0	5.507
6	132	6	1	5.548
6	132	6	2	5.358
6	132	6	3	5.440
6	146	7	0	5.507
6	146	7	1	5.548
6	146	7	2	5.358
6	146	7	3	5.440
7	125	1	0	5.773
7	125	1	1	5.827
7	125	1	2	5.805
7	125	1	3	5.732
7	129	2	0	5.773
7	129	2	1	5.827
7	129	2	2	5.805
7	129	2	3	5.732
7	128	3	0	5.773
7	128	3	1	5.827
7	128	3	2	5.805
7	128	3	3	5.732
7	119	4	0	5.773
7	119	4	1	5.827
7	119	4	2	5.805
7	119	4	3	5.732
7	127	5	0	5.773
7	127	5	1	5.827
7	127	5	2	5.805
7	127	5	3	5.732
7	126	6	0	5.773
7	126	6	1	5.827
7	126	6	2	5.805
7	126	6	3	5.732
7	135	7	0	5.773
7	135	7	1	5.827
7	135	7	2	5.805
7	135	7	3	5.732
8	38	1	0	8.137
8	38	1	1	7.445
8	38	1	2	6.863
8	38	1	3	7.909
8	39	2	0	8.137
8	39	2	1	7.445
8	39	2	2	6.863
8	39	2	3	7.909
8	42	3	0	8.137
8	42	3	1	7.445
8	42	3	2	6.863
8	42	3	3	7.909
8	45	4	0	8.137
8	45	4	1	7.445
8	45	4	2	6.863
8	45	4	3	7.909
8	53	5	0	8.137
8	53	5	1	7.445
8	53	5	2	6.863
8	53	5	3	7.909
8	46	6	0	8.137
8	46	6	1	7.445
8	46	6	2	6.863
8	46	6	3	7.909
8	48	7	0	8.137
8	48	7	1	7.445
8	48	7	2	6.863
8	48	7	3	7.909
9	75	1	0	7.419
9	75	1	1	6.500
9	75	1	2	6.679
9	75	1	3	7.180
9	59	2	0	7.419
9	59	2	1	6.500
9	59	2	2	6.679
9	59	2	3	7.180
9	71	3	0	7.419
9	71	3	1	6.500
9	71	3	2	6.679
9	71	3	3	7.180
9	64	4	0	7.419
9	64	4	1	6.500
9	64	4	2	6.679
9	64	4	3	7.180
9	55	5	0	7.419
9	55	5	1	6.500
9	55	5	2	6.679
9	55	5	3	7.180
9	63	6	0	7.419
9	63	6	1	6.500
9	63	6	2	6.679
9	63	6	3	7.180
9	66	7	0	7.419
9	66	7	1	6.500
9	66	7	2	6.679
9	66	7	3	7.180
10	62	4	0	6.274
10	62	4	1	6.377
10	62	4	2	5.820
10	62	4	3	5.992
11	54	4	0	5.015
11	54	4	1	5.159
11	54	4	2	4.923
11	54	4	3	4.968
12	43	4	0	6.401
12	43	4	1	6.329
12	43	4	2	6.357
12	43	4	3	6.604
