Run	Layer	mean_dX		mean_dY

132	1	0.199801	1.065392
132	2	0.074679	1.013352
132	3	0.137383	1.081289
132	4	-0.037333	1.048435
132	5	-0.034598	1.107847
132	6	-0.020105	0.995006
132	7	-0.057510	1.117626
132	8	0.017570	1.068333
132	9	-0.051043	1.055474
132	10	-0.071546	1.012620
132	11	-0.022916	0.994950
132	12	-0.051684	1.053106
132	13	0.036163	1.012685
132	14	-0.074950	0.931312
132	15	0.081708	1.858489
132	16	-0.196219	0.980609
132	17	-0.155092	1.029135
132	18	-0.212430	1.108250
132	19	-0.078593	1.129544
132	20	-0.238083	0.963193
132	21	-0.167917	1.019257
132	22	-0.221195	0.911880
132	23	-0.167008	0.977692
132	24	-0.331438	1.080096
132	25	-0.273724	1.089703
132	26	-0.387565	1.225313
132	27	0.169619	1.376859
132	28	-0.883727	1.796288
136	1	0.066323	1.019728
136	2	0.134732	1.014246
136	3	0.116044	0.952701
136	4	0.086655	0.986529
136	5	-0.074297	0.939488
136	6	-0.028577	0.896490
136	7	0.078938	1.005647
136	8	0.082045	0.993826
136	9	-0.003443	0.990709
136	10	0.037849	0.966439
136	11	0.001694	0.999347
136	12	0.011570	0.966280
136	13	-0.000427	0.958687
136	14	0.010896	0.949362
136	15	-0.053829	0.872115
136	16	-0.039647	0.882879
136	17	-0.173656	0.897641
136	18	-0.119382	0.933518
136	19	-0.167543	0.928867
136	20	-0.167679	0.838749
136	21	-0.194656	0.830001
136	22	-0.144125	0.831343
136	23	-0.272237	0.915826
136	24	-0.340914	0.898714
136	25	-0.324932	0.848831
136	26	-0.324706	0.818573
136	27	-0.422163	0.794387
136	28	-0.387097	0.771589
137	1	0.063156	1.020732
137	2	0.126433	1.013294
137	3	0.119291	0.953333
137	4	0.092554	0.986180
137	5	-0.071749	0.947921
137	6	-0.031794	0.907939
137	7	0.076558	1.008089
137	8	0.085260	0.997385
137	9	0.001114	0.997897
137	10	0.035195	0.970973
137	11	-0.003305	1.008162
137	12	0.011244	0.974856
137	13	0.002771	0.959073
137	14	0.017191	0.949949
137	15	-0.063450	0.877090
137	16	-0.035290	0.892783
137	17	-0.178585	0.901080
137	18	-0.120134	0.938200
137	19	-0.164118	0.933253
137	20	-0.175194	0.851233
137	21	-0.196916	0.840406
137	22	-0.142423	0.846067
137	23	-0.273331	0.929691
137	24	-0.332344	0.913444
137	25	-0.323993	0.858819
137	26	-0.313582	0.833267
137	27	-0.421613	0.797091
137	28	-0.384019	0.781344
138	1	0.063771	1.030893
138	2	0.131998	1.017555
138	3	0.121105	0.953916
138	4	0.095195	0.988178
138	5	-0.070422	0.954552
138	6	-0.023472	0.906087
138	7	0.079752	1.006977
138	8	0.084544	0.996798
138	9	0.002795	0.994367
138	10	0.034808	0.972915
138	11	0.000222	1.007789
138	12	0.016236	0.971726
138	13	0.002192	0.961939
138	14	0.014430	0.949464
138	15	-0.058685	0.871317
138	16	-0.042103	0.892237
138	17	-0.178308	0.904419
138	18	-0.116409	0.940293
138	19	-0.167126	0.931228
138	20	-0.171910	0.839911
138	21	-0.200283	0.835744
138	22	-0.135969	0.835266
138	23	-0.272803	0.920899
138	24	-0.343256	0.913378
138	25	-0.333461	0.846792
138	26	-0.316233	0.824427
138	27	-0.425886	0.793348
138	28	-0.384729	0.773535
140	1	0.065393	1.023414
140	2	0.130994	1.010013
140	3	0.122014	0.947070
140	4	0.087293	0.984264
140	5	-0.075739	0.943988
140	6	-0.028894	0.894350
140	7	0.083335	1.000352
140	8	0.086340	0.991007
140	9	0.003571	0.993288
140	10	0.038721	0.959815
140	11	0.005649	1.001730
140	12	0.017599	0.966261
140	13	0.003934	0.956395
140	14	0.016342	0.942590
140	15	-0.067505	0.868881
140	16	-0.031912	0.881676
140	17	-0.172882	0.900713
140	18	-0.119405	0.932913
140	19	-0.165546	0.931662
140	20	-0.178582	0.839661
140	21	-0.201724	0.837802
140	22	-0.139177	0.833583
140	23	-0.279410	0.916746
140	24	-0.335813	0.910915
140	25	-0.324913	0.849802
140	26	-0.319214	0.828134
140	27	-0.418525	0.806810
140	28	-0.385877	0.784736
142	1	0.069003	1.023916
142	2	0.130925	1.018573
142	3	0.125270	0.953608
142	4	0.094431	0.989984
142	5	-0.065317	0.953961
142	6	-0.019912	0.911055
142	7	0.082485	1.007781
142	8	0.087755	0.999362
142	9	-0.000696	0.994209
142	10	0.041724	0.972345
142	11	0.005768	1.010259
142	12	0.020522	0.973158
142	13	0.004399	0.963803
142	14	0.020262	0.954164
142	15	-0.054808	0.879438
142	16	-0.031066	0.894306
142	17	-0.161246	0.902497
142	18	-0.113595	0.936474
142	19	-0.154387	0.929529
142	20	-0.172298	0.844106
142	21	-0.201004	0.838341
142	22	-0.134876	0.835760
142	23	-0.271403	0.919903
142	24	-0.335277	0.911999
142	25	-0.321098	0.849052
142	26	-0.314946	0.829841
142	27	-0.417400	0.796327
142	28	-0.380960	0.775256
143	1	0.059888	1.017233
143	2	0.135725	1.005390
143	3	0.119119	0.944929
143	4	0.088765	0.977305
143	5	-0.071862	0.938388
143	6	-0.025542	0.894098
143	7	0.068884	0.992784
143	8	0.082880	0.985502
143	9	-0.004360	0.986499
143	10	0.035558	0.954957
143	11	0.001167	0.992220
143	12	0.012286	0.962410
143	13	-0.003604	0.954296
143	14	0.010880	0.940367
143	15	-0.065537	0.869138
143	16	-0.040126	0.882484
143	17	-0.180263	0.895046
143	18	-0.127760	0.925531
143	19	-0.171718	0.921915
143	20	-0.177415	0.840313
143	21	-0.208410	0.828960
143	22	-0.145772	0.830244
143	23	-0.277725	0.912475
143	24	-0.345003	0.904870
143	25	-0.334238	0.846224
143	26	-0.319604	0.821302
143	27	-0.419384	0.800538
143	28	-0.382514	0.773848
145	1	0.070981	1.025848
145	2	0.129640	1.010939
145	3	0.120498	0.953834
145	4	0.090683	0.998354
145	5	-0.077955	0.954629
145	6	-0.024251	0.905921
145	7	0.082799	1.005064
145	8	0.088183	1.008749
145	9	-0.000706	0.999539
145	10	0.035594	0.973838
145	11	-0.002610	1.006731
145	12	0.020498	0.978494
145	13	0.005157	0.965212
145	14	0.011463	0.954785
145	15	-0.063566	0.875647
145	16	-0.035260	0.889998
145	17	-0.176615	0.908152
145	18	-0.124082	0.946933
145	19	-0.163686	0.937684
145	20	-0.184023	0.849523
145	21	-0.203734	0.839551
145	22	-0.145080	0.837971
145	23	-0.277109	0.932083
145	24	-0.336769	0.916361
145	25	-0.321925	0.854433
145	26	-0.319309	0.836326
145	27	-0.411488	0.801610
145	28	-0.377712	0.781318
146	1	0.066826	1.031101
146	2	0.124600	1.024596
146	3	0.121630	0.955434
146	4	0.089473	0.993966
146	5	-0.080702	0.954063
146	6	-0.031379	0.903274
146	7	0.078656	1.011896
146	8	0.078578	1.008202
146	9	-0.002967	0.999824
146	10	0.029365	0.972815
146	11	-0.003453	1.009645
146	12	0.010913	0.973426
146	13	0.001399	0.965684
146	14	0.012001	0.954646
146	15	-0.060533	0.881209
146	16	-0.040044	0.891402
146	17	-0.176094	0.906796
146	18	-0.120943	0.940782
146	19	-0.165148	0.937006
146	20	-0.175539	0.844305
146	21	-0.202606	0.833451
146	22	-0.140538	0.837877
146	23	-0.277263	0.920219
146	24	-0.343574	0.912473
146	25	-0.328890	0.850533
146	26	-0.322051	0.825871
146	27	-0.429730	0.796736
146	28	-0.395041	0.777303
147	1	0.062314	1.027985
147	2	0.133736	1.011363
147	3	0.119224	0.950365
147	4	0.087505	0.986776
147	5	-0.074303	0.947134
147	6	-0.028726	0.903539
147	7	0.075079	1.007300
147	8	0.079461	1.001263
147	9	-0.004653	0.995378
147	10	0.027026	0.969979
147	11	-0.007651	1.002515
147	12	0.009222	0.972569
147	13	-0.000742	0.958777
147	14	0.011247	0.952568
147	15	-0.066982	0.867838
147	16	-0.039933	0.890973
147	17	-0.171952	0.901149
147	18	-0.122060	0.933608
147	19	-0.164522	0.928630
147	20	-0.182684	0.836955
147	21	-0.205224	0.829548
147	22	-0.146901	0.839216
147	23	-0.277157	0.917662
147	24	-0.339685	0.905657
147	25	-0.325716	0.847047
147	26	-0.317321	0.826261
147	27	-0.418988	0.795584
147	28	-0.384090	0.779235
148	1	0.056857	1.021409
148	2	0.127169	1.011924
148	3	0.115791	0.948902
148	4	0.086392	0.988963
148	5	-0.077774	0.949257
148	6	-0.034055	0.902433
148	7	0.070480	1.000597
148	8	0.079045	0.997267
148	9	-0.006093	0.994976
148	10	0.027774	0.965445
148	11	0.000984	1.005717
148	12	0.011939	0.973178
148	13	0.004901	0.958826
148	14	0.016194	0.951873
148	15	-0.061598	0.874136
148	16	-0.037784	0.890213
148	17	-0.167893	0.903455
148	18	-0.121050	0.937726
148	19	-0.166813	0.932306
148	20	-0.170858	0.837188
148	21	-0.198102	0.827359
148	22	-0.139207	0.840828
148	23	-0.273433	0.917723
148	24	-0.340269	0.902967
148	25	-0.327007	0.851379
148	26	-0.316777	0.827342
148	27	-0.417269	0.801559
148	28	-0.386595	0.774012
149	1	0.067653	1.015049
149	2	0.130900	1.006426
149	3	0.115472	0.948951
149	4	0.092036	0.977438
149	5	-0.067587	0.947178
149	6	-0.021237	0.892013
149	7	0.079849	1.001717
149	8	0.081099	0.985522
149	9	-0.005051	0.983473
149	10	0.033447	0.960412
149	11	-0.001448	0.998567
149	12	0.012657	0.967295
149	13	0.000661	0.957589
149	14	0.009323	0.944192
149	15	-0.062418	0.875103
149	16	-0.035183	0.882352
149	17	-0.173915	0.897991
149	18	-0.116154	0.930256
149	19	-0.164850	0.921912
149	20	-0.174654	0.837296
149	21	-0.198738	0.829187
149	22	-0.137901	0.832055
149	23	-0.278327	0.918356
149	24	-0.339920	0.908658
149	25	-0.329151	0.844764
149	26	-0.318027	0.827912
149	27	-0.417608	0.799869
149	28	-0.377539	0.777554
150	1	0.061341	1.023650
150	2	0.135019	1.015160
150	3	0.116619	0.954046
150	4	0.090929	0.988000
150	5	-0.069925	0.946262
150	6	-0.025698	0.901236
150	7	0.080025	1.004026
150	8	0.081962	0.997087
150	9	-0.005025	0.990768
150	10	0.035158	0.967061
150	11	-0.000679	1.000018
150	12	0.015011	0.969270
150	13	0.003719	0.957455
150	14	0.013337	0.943993
150	15	-0.061893	0.870637
150	16	-0.029939	0.887092
150	17	-0.178144	0.902676
150	18	-0.115254	0.938755
150	19	-0.168087	0.929174
150	20	-0.170234	0.834190
150	21	-0.208239	0.828574
150	22	-0.143790	0.831151
150	23	-0.277625	0.920721
150	24	-0.346654	0.909629
150	25	-0.325433	0.852299
150	26	-0.323973	0.822820
150	27	-0.421334	0.794514
150	28	-0.393470	0.771252
151	1	0.060807	1.022683
151	2	0.130685	1.015189
151	3	0.115598	0.953970
151	4	0.084300	0.987234
151	5	-0.072765	0.947853
151	6	-0.027634	0.901668
151	7	0.078852	1.004621
151	8	0.083152	0.999285
151	9	-0.001788	0.990789
151	10	0.034735	0.967299
151	11	-0.003267	0.998208
151	12	0.007451	0.970825
151	13	0.001743	0.956238
151	14	0.010768	0.944156
151	15	-0.060487	0.866178
151	16	-0.037589	0.884796
151	17	-0.178623	0.900117
151	18	-0.120856	0.936392
151	19	-0.164610	0.924632
151	20	-0.179356	0.842803
151	21	-0.204350	0.840513
151	22	-0.139845	0.838113
151	23	-0.280893	0.921194
151	24	-0.342334	0.905350
151	25	-0.331037	0.857613
151	26	-0.322872	0.827679
151	27	-0.424793	0.800471
151	28	-0.385443	0.770684
152	1	0.062938	1.021784
152	2	0.129649	1.012241
152	3	0.118521	0.954538
152	4	0.087712	0.984894
152	5	-0.076582	0.951276
152	6	-0.024889	0.901239
152	7	0.081336	1.005646
152	8	0.083658	1.000711
152	9	-0.005016	0.996394
152	10	0.036594	0.965697
152	11	-0.000902	1.004001
152	12	0.017350	0.972931
152	13	0.003214	0.960318
152	14	0.014737	0.948883
152	15	-0.059518	0.875788
152	16	-0.032875	0.893298
152	17	-0.169108	0.903583
152	18	-0.118514	0.937881
152	19	-0.155689	0.929315
152	20	-0.180189	0.840732
152	21	-0.200717	0.836555
152	22	-0.141517	0.834136
152	23	-0.271305	0.919725
152	24	-0.332371	0.915906
152	25	-0.317478	0.852817
152	26	-0.313845	0.833944
152	27	-0.418874	0.798524
152	28	-0.379095	0.775690
153	1	0.060306	1.025409
153	2	0.126173	1.017273
153	3	0.115959	0.956902
153	4	0.085119	0.984425
153	5	-0.077172	0.950558
153	6	-0.029854	0.903753
153	7	0.070009	1.004170
153	8	0.080410	0.999007
153	9	-0.004508	0.989463
153	10	0.033911	0.967141
153	11	-0.008154	0.999760
153	12	0.013197	0.970630
153	13	0.001361	0.957926
153	14	0.011828	0.944720
153	15	-0.063709	0.872303
153	16	-0.041102	0.882601
153	17	-0.173908	0.903905
153	18	-0.120857	0.935671
153	19	-0.161531	0.928974
153	20	-0.175006	0.839745
153	21	-0.199150	0.834126
153	22	-0.143500	0.838509
153	23	-0.277312	0.924833
153	24	-0.335489	0.914960
153	25	-0.328301	0.857281
153	26	-0.317572	0.826706
153	27	-0.421883	0.799486
153	28	-0.389188	0.777476
154	1	0.060527	1.025475
154	2	0.125060	1.014649
154	3	0.115973	0.955576
154	4	0.086535	0.986165
154	5	-0.078489	0.951620
154	6	-0.029927	0.906055
154	7	0.072356	1.009922
154	8	0.085900	0.997082
154	9	-0.002033	0.995505
154	10	0.027704	0.976115
154	11	-0.001165	1.007367
154	12	0.010374	0.973794
154	13	-0.007531	0.961771
154	14	0.015688	0.950222
154	15	-0.061672	0.879951
154	16	-0.034605	0.898018
154	17	-0.172749	0.909613
154	18	-0.119029	0.939926
154	19	-0.166526	0.930853
154	20	-0.178119	0.845825
154	21	-0.199931	0.835483
154	22	-0.142625	0.837209
154	23	-0.275278	0.924662
154	24	-0.340746	0.916300
154	25	-0.325681	0.854129
154	26	-0.321414	0.831443
154	27	-0.427708	0.802028
154	28	-0.381038	0.784493
156	1	0.023364	0.986393
156	2	0.086770	0.979755
156	3	0.077199	0.927045
156	4	0.042178	0.956075
156	5	-0.121131	0.914433
156	6	-0.078116	0.870424
156	7	0.029394	0.973333
156	8	0.035399	0.968168
156	9	-0.044845	0.957049
156	10	-0.017966	0.931234
156	11	-0.046180	0.973730
156	12	-0.038392	0.939643
156	13	-0.045211	0.930878
156	14	-0.034594	0.920959
156	15	-0.099409	0.867775
156	16	-0.091806	0.861517
156	17	-0.219667	0.867511
156	18	-0.175618	0.904483
156	19	-0.221629	0.892336
156	20	-0.231937	0.808120
156	21	-0.252176	0.800391
156	22	-0.201735	0.808507
156	23	-0.313557	0.893136
156	24	-0.380324	0.890903
156	25	-0.373292	0.818802
156	26	-0.360183	0.800527
156	27	-0.460784	0.776467
156	28	-0.424864	0.758320
157	1	0.031910	0.998614
157	2	0.089625	0.985146
157	3	0.078711	0.931218
157	4	0.049170	0.963337
157	5	-0.107065	0.918229
157	6	-0.066788	0.875840
157	7	0.037257	0.982428
157	8	0.040708	0.971496
157	9	-0.034999	0.963024
157	10	-0.004013	0.940987
157	11	-0.034032	0.976118
157	12	-0.025526	0.943785
157	13	-0.031698	0.934724
157	14	-0.023208	0.926096
157	15	-0.092712	0.863780
157	16	-0.078527	0.862575
157	17	-0.202091	0.869706
157	18	-0.158194	0.912049
157	19	-0.204878	0.895019
157	20	-0.216423	0.815037
157	21	-0.242969	0.800711
157	22	-0.181856	0.813258
157	23	-0.312455	0.888709
157	24	-0.376636	0.885890
157	25	-0.365877	0.828759
157	26	-0.361692	0.802313
157	27	-0.453168	0.766929
157	28	-0.421612	0.747048
159	1	0.046910	0.997118
159	2	0.118739	0.991430
159	3	0.100338	0.928730
159	4	0.065727	0.960750
159	5	-0.080013	0.918890
159	6	-0.041812	0.881466
159	7	0.059924	0.979220
159	8	0.064746	0.970653
159	9	-0.014375	0.967501
159	10	0.016525	0.937090
159	11	-0.014572	0.974573
159	12	-0.005090	0.943602
159	13	-0.012947	0.933109
159	14	0.000012	0.922305
159	15	-0.067182	0.848878
159	16	-0.058563	0.856392
159	17	-0.180193	0.871786
159	18	-0.134570	0.908561
159	19	-0.166698	0.904019
159	20	-0.181297	0.814856
159	21	-0.208968	0.811876
159	22	-0.157657	0.809206
159	23	-0.280425	0.888600
159	24	-0.341651	0.879484
159	25	-0.334147	0.827624
159	26	-0.322685	0.806888
159	27	-0.429284	0.776390
159	28	-0.389773	0.759775
160	1	0.056063	0.997683
160	2	0.118410	0.987735
160	3	0.108460	0.931507
160	4	0.074721	0.963845
160	5	-0.084175	0.922131
160	6	-0.043959	0.878172
160	7	0.067009	0.975702
160	8	0.066958	0.967100
160	9	-0.015007	0.967930
160	10	0.015878	0.942973
160	11	-0.010236	0.977373
160	12	-0.003088	0.941140
160	13	-0.010079	0.931377
160	14	-0.001458	0.920568
160	15	-0.066602	0.842375
160	16	-0.053448	0.861557
160	17	-0.185059	0.871247
160	18	-0.138714	0.910721
160	19	-0.175339	0.898208
160	20	-0.192561	0.812020
160	21	-0.212207	0.795371
160	22	-0.157645	0.801628
160	23	-0.280297	0.883466
160	24	-0.346653	0.882048
160	25	-0.330323	0.822682
160	26	-0.325125	0.793941
160	27	-0.436023	0.766302
160	28	-0.395365	0.753185
161	1	0.047964	0.989916
161	2	0.125056	1.024307
161	3	0.068002	0.912742
161	4	0.047920	0.961078
161	5	-0.096356	0.929541
161	6	-0.029484	0.906480
161	7	0.019746	0.918092
161	8	0.060432	0.961186
161	9	-0.020359	0.966384
161	10	0.023500	0.924510
161	11	-0.033016	0.948984
161	12	-0.017878	0.947772
161	13	-0.022002	0.867267
161	14	0.023627	0.918293
161	15	-0.077752	0.804050
161	16	-0.036429	0.856747
161	17	-0.173961	0.848312
161	18	-0.091230	0.905502
161	19	-0.211455	0.873096
161	20	-0.195661	0.868994
161	21	-0.239582	0.781131
161	22	-0.187740	0.812380
161	23	-0.288894	0.816623
161	24	-0.395581	0.865953
161	25	-0.332394	0.810567
161	26	-0.318623	0.740613
161	27	-0.392242	0.746933
161	28	-0.405827	0.790006
206	1	0.094284	1.433459
206	2	0.162714	1.417949
206	3	0.173030	1.358630
206	4	0.119078	1.392811
206	5	-0.046260	1.350474
206	6	-0.016329	1.305899
206	7	0.110143	1.416297
206	8	0.106464	1.411935
206	9	0.025561	1.405805
206	10	0.045640	1.385027
206	11	0.035864	1.402694
206	12	0.030408	1.384499
206	13	0.042155	1.356248
206	14	0.038921	1.351732
206	15	-0.023591	1.261862
206	16	-0.013779	1.286882
206	17	-0.155828	1.322698
206	18	-0.103147	1.351666
206	19	-0.134449	1.335486
206	20	-0.153158	1.257704
206	21	-0.169783	1.251887
206	22	-0.119316	1.244793
206	23	-0.264402	1.344064
206	24	-0.321514	1.334385
206	25	-0.321780	1.255978
206	26	-0.304688	1.220122
206	27	-0.430113	1.208845
206	28	-0.380297	1.183193
207	1	0.064919	1.375759
207	2	0.122100	1.364507
207	3	0.129851	1.299505
207	4	0.083491	1.338705
207	5	-0.068882	1.298098
207	6	-0.037520	1.250806
207	7	0.083405	1.366648
207	8	0.076113	1.350325
207	9	-0.006960	1.344855
207	10	0.024980	1.323112
207	11	-0.001335	1.351372
207	12	0.005839	1.324831
207	13	0.004416	1.305926
207	14	0.007686	1.297380
207	15	-0.054288	1.240219
207	16	-0.049882	1.239732
207	17	-0.173634	1.248642
207	18	-0.124804	1.289299
207	19	-0.163930	1.283888
207	20	-0.188150	1.195477
207	21	-0.200221	1.180316
207	22	-0.150182	1.191911
207	23	-0.280429	1.272789
207	24	-0.345457	1.261627
207	25	-0.340545	1.201623
207	26	-0.331664	1.168589
207	27	-0.441677	1.145585
207	28	-0.401090	1.116773
210	1	0.054474	1.367018
210	2	0.104876	1.362573
210	3	0.108380	1.299356
210	4	0.069726	1.333359
210	5	-0.084387	1.299018
210	6	-0.055887	1.261541
210	7	0.073856	1.354042
210	8	0.059677	1.351507
210	9	-0.006122	1.335330
210	10	0.009633	1.321137
210	11	-0.010522	1.354988
210	12	-0.001465	1.322762
210	13	-0.003400	1.318674
210	14	0.002285	1.308114
210	15	-0.066154	1.247681
210	16	-0.067519	1.257847
210	17	-0.190309	1.270859
210	18	-0.121903	1.294744
210	19	-0.163809	1.281925
210	20	-0.192014	1.198890
210	21	-0.214968	1.182606
210	22	-0.158601	1.188208
210	23	-0.293484	1.267108
210	24	-0.349208	1.244534
210	25	-0.348742	1.187169
210	26	-0.333015	1.169797
210	27	-0.453022	1.139049
210	28	-0.397504	1.106729
212	1	0.065880	1.386116
212	2	0.120552	1.375668
212	3	0.131703	1.312717
212	4	0.083326	1.341711
212	5	-0.074943	1.307747
212	6	-0.044550	1.259257
212	7	0.082703	1.371216
212	8	0.072180	1.355573
212	9	-0.004394	1.347356
212	10	0.021733	1.328274
212	11	0.003766	1.354650
212	12	-0.001226	1.327306
212	13	-0.000272	1.317943
212	14	0.003351	1.302330
212	15	-0.067486	1.251608
212	16	-0.055443	1.241512
212	17	-0.171633	1.257002
212	18	-0.130789	1.292663
212	19	-0.157253	1.293860
212	20	-0.190060	1.193282
212	21	-0.208937	1.178485
212	22	-0.157207	1.188949
212	23	-0.282701	1.273049
212	24	-0.355261	1.259644
212	25	-0.344914	1.204002
212	26	-0.334539	1.171011
212	27	-0.448493	1.148720
212	28	-0.407650	1.118536
213	1	0.065825	1.379754
213	2	0.120914	1.374173
213	3	0.134290	1.310923
213	4	0.089503	1.344001
213	5	-0.075459	1.310788
213	6	-0.043620	1.258595
213	7	0.078718	1.367177
213	8	0.073523	1.356612
213	9	-0.004618	1.347903
213	10	0.014371	1.324250
213	11	0.003830	1.360005
213	12	0.000680	1.326323
213	13	-0.002091	1.307705
213	14	-0.004954	1.304449
213	15	-0.066852	1.238831
213	16	-0.061249	1.246065
213	17	-0.182911	1.267564
213	18	-0.132729	1.288572
213	19	-0.159796	1.290568
213	20	-0.196026	1.202351
213	21	-0.206091	1.183577
213	22	-0.154076	1.190908
213	23	-0.279751	1.269278
213	24	-0.346653	1.257643
213	25	-0.342840	1.205211
213	26	-0.328830	1.176404
213	27	-0.442775	1.150728
213	28	-0.396191	1.128108
214	1	0.062886	1.379546
214	2	0.125775	1.376654
214	3	0.134078	1.312837
214	4	0.088028	1.352860
214	5	-0.068324	1.306965
214	6	-0.036474	1.268281
214	7	0.083672	1.379032
214	8	0.073217	1.368448
214	9	0.002821	1.357372
214	10	0.024877	1.328044
214	11	-0.003763	1.370712
214	12	0.012137	1.330663
214	13	0.013773	1.313914
214	14	0.003913	1.311612
214	15	-0.038580	1.250172
214	16	-0.048578	1.250762
214	17	-0.166467	1.268611
214	18	-0.136602	1.287241
214	19	-0.157521	1.284336
214	20	-0.179267	1.187088
214	21	-0.197611	1.180709
214	22	-0.135651	1.203147
214	23	-0.289333	1.296790
214	24	-0.335246	1.268576
214	25	-0.350265	1.218006
214	26	-0.324074	1.187589
214	27	-0.450537	1.165293
214	28	-0.395579	1.141750
216	1	-0.055319	-2.885932
216	2	0.003534	-2.894837
216	3	0.034977	-2.956176
216	4	-0.022485	-2.921338
216	5	-0.188774	-2.958901
216	6	-0.154114	-3.003070
216	7	-0.031463	-2.891035
216	8	-0.032361	-2.902048
216	9	-0.115308	-2.908433
216	10	-0.097265	-2.931921
216	11	-0.098829	-2.903019
216	12	-0.102455	-2.934009
216	13	-0.097038	-2.946404
216	14	-0.100303	-2.954311
216	15	-0.179237	-3.062946
216	16	-0.154453	-3.014376
216	17	-0.304130	-2.999254
216	18	-0.230804	-2.963339
216	19	-0.274707	-2.959599
216	20	-0.294598	-3.054923
216	21	-0.310914	-3.080206
216	22	-0.260688	-3.074446
216	23	-0.401128	-2.981376
216	24	-0.467060	-2.988100
216	25	-0.446009	-3.049346
216	26	-0.433277	-3.088801
216	27	-0.567361	-3.104071
216	28	-0.523269	-3.143790
217	1	-0.057293	-2.860678
217	2	0.007589	-2.871659
217	3	0.032077	-2.934082
217	4	-0.020893	-2.894808
217	5	-0.195668	-2.927356
217	6	-0.148580	-2.976201
217	7	-0.026489	-2.863662
217	8	-0.031520	-2.885260
217	9	-0.118494	-2.884263
217	10	-0.096816	-2.911339
217	11	-0.110168	-2.878007
217	12	-0.105445	-2.911973
217	13	-0.095435	-2.924715
217	14	-0.100977	-2.938561
217	15	-0.185259	-3.045355
217	16	-0.159506	-2.991567
217	17	-0.302491	-2.978747
217	18	-0.236017	-2.936408
217	19	-0.275007	-2.935399
217	20	-0.291150	-3.032801
217	21	-0.308364	-3.049867
217	22	-0.259399	-3.045724
217	23	-0.401089	-2.960908
217	24	-0.462428	-2.972318
217	25	-0.453910	-3.025491
217	26	-0.439921	-3.056869
217	27	-0.562688	-3.085786
217	28	-0.529825	-3.108637
219	1	-0.051344	-2.817299
219	2	0.009715	-2.827541
219	3	0.040536	-2.886125
219	4	-0.019463	-2.854904
219	5	-0.190068	-2.892491
219	6	-0.142807	-2.932013
219	7	-0.016067	-2.822326
219	8	-0.023861	-2.843773
219	9	-0.110596	-2.842834
219	10	-0.089428	-2.864346
219	11	-0.098410	-2.836270
219	12	-0.098176	-2.865663
219	13	-0.085774	-2.874456
219	14	-0.095455	-2.887101
219	15	-0.173019	-2.996806
219	16	-0.155598	-2.946593
219	17	-0.292906	-2.932310
219	18	-0.228785	-2.893072
219	19	-0.263308	-2.897488
219	20	-0.292815	-2.984651
219	21	-0.310161	-3.000047
219	22	-0.250958	-2.993984
219	23	-0.384937	-2.913094
219	24	-0.451599	-2.926044
219	25	-0.454792	-2.982255
219	26	-0.431805	-3.016758
219	27	-0.554658	-3.031430
219	28	-0.512623	-3.061660
223	1	-0.041005	-2.777164
223	2	0.021000	-2.787063
223	3	0.042285	-2.855506
223	4	-0.010528	-2.810955
223	5	-0.171984	-2.848954
223	6	-0.133979	-2.897896
223	7	-0.014270	-2.783640
223	8	-0.016393	-2.800242
223	9	-0.103117	-2.801749
223	10	-0.080238	-2.828229
223	11	-0.089037	-2.794615
223	12	-0.090825	-2.824928
223	13	-0.080820	-2.841479
223	14	-0.086904	-2.846027
223	15	-0.154869	-2.959733
223	16	-0.142245	-2.908751
223	17	-0.279012	-2.890846
223	18	-0.217495	-2.858390
223	19	-0.258411	-2.854006
223	20	-0.274346	-2.946236
223	21	-0.294151	-2.963696
223	22	-0.238137	-2.962151
223	23	-0.373047	-2.873907
223	24	-0.430000	-2.887663
223	25	-0.428321	-2.940201
223	26	-0.417235	-2.972463
223	27	-0.539218	-3.001681
223	28	-0.493978	-3.028438
224	1	-0.028427	-2.751886
224	2	0.032595	-2.763707
224	3	0.053359	-2.825773
224	4	0.002954	-2.789556
224	5	-0.164278	-2.823250
224	6	-0.124377	-2.870842
224	7	0.007963	-2.752717
224	8	-0.000735	-2.770224
224	9	-0.089573	-2.772265
224	10	-0.067998	-2.799597
224	11	-0.075791	-2.762263
224	12	-0.083135	-2.795471
224	13	-0.066721	-2.810436
224	14	-0.075160	-2.824896
224	15	-0.154391	-2.926651
224	16	-0.133872	-2.880529
224	17	-0.277472	-2.868423
224	18	-0.204754	-2.829586
224	19	-0.244681	-2.832717
224	20	-0.261945	-2.930000
224	21	-0.283302	-2.940119
224	22	-0.231431	-2.936547
224	23	-0.364057	-2.852627
224	24	-0.431330	-2.862975
224	25	-0.427714	-2.913564
224	26	-0.403431	-2.938990
224	27	-0.537183	-2.967091
224	28	-0.494973	-3.001420
225	1	-0.023229	-2.723342
225	2	0.039519	-2.741556
225	3	0.060598	-2.806163
225	4	0.011048	-2.768513
225	5	-0.163808	-2.813687
225	6	-0.124091	-2.864588
225	7	0.006141	-2.733271
225	8	0.002204	-2.750294
225	9	-0.085899	-2.751561
225	10	-0.067845	-2.779022
225	11	-0.070112	-2.739919
225	12	-0.077385	-2.774631
225	13	-0.061801	-2.789778
225	14	-0.065296	-2.791386
225	15	-0.151115	-2.913962
225	16	-0.126748	-2.877466
225	17	-0.267894	-2.845016
225	18	-0.206863	-2.800649
225	19	-0.235053	-2.809823
225	20	-0.269040	-2.914672
225	21	-0.293014	-2.923490
225	22	-0.229507	-2.918183
225	23	-0.363093	-2.838312
225	24	-0.436666	-2.838651
225	25	-0.427235	-2.904109
225	26	-0.407133	-2.929505
225	27	-0.522702	-2.948359
225	28	-0.485374	-2.990122
387	1	-3.499290	-0.347233
387	2	-3.435857	-0.359577
387	3	-3.419816	-0.450425
387	4	-3.476006	-0.404986
387	5	-3.640297	-0.427460
387	6	-3.605504	-0.477929
387	7	-3.493767	-0.368231
387	8	-3.483606	-0.393913
387	9	-3.563900	-0.388385
387	10	-3.541919	-0.412420
387	11	-3.556906	-0.390285
387	12	-3.559457	-0.413716
387	13	-3.549977	-0.444252
387	14	-3.554241	-0.447536
387	15	-3.593148	-0.517564
387	16	-3.610197	-0.498849
387	17	-3.735236	-0.474738
387	18	-3.687725	-0.460969
387	19	-3.678965	-0.468566
387	20	-3.747494	-0.552610
387	21	-3.761117	-0.558940
387	22	-3.714971	-0.563099
387	23	-3.832994	-0.469366
387	24	-3.904757	-0.481099
387	25	-3.894421	-0.542792
387	26	-3.882011	-0.581190
387	27	-3.993284	-0.594072
387	28	-3.956286	-0.611658
388	1	-3.490266	-0.350375
388	2	-3.410640	-0.367505
388	3	-3.400931	-0.440044
388	4	-3.477449	-0.409177
388	5	-3.605244	-0.425727
388	6	-3.585714	-0.487369
388	7	-3.468938	-0.360792
388	8	-3.458189	-0.397833
388	9	-3.551896	-0.386814
388	10	-3.525268	-0.412471
388	11	-3.536509	-0.409054
388	12	-3.539125	-0.414665
388	13	-3.531152	-0.457383
388	14	-3.519989	-0.449325
388	15	-3.587781	-0.470593
388	16	-3.582691	-0.509990
388	17	-3.698942	-0.445070
388	18	-3.668449	-0.490656
388	19	-3.561183	-0.503333
388	20	-3.707567	-0.539535
388	21	-3.743496	-0.566383
388	22	-3.660701	-0.579123
388	23	-3.818842	-0.475651
388	24	-3.904070	-0.473157
388	25	-3.900103	-0.535110
388	26	-3.882147	-0.576660
388	27	-3.973867	-0.600059
388	28	-3.931717	-0.617438
389	1	-3.657677	-3.595401
389	2	-3.597396	-3.604660
389	3	-3.560149	-3.692009
389	4	-3.620261	-3.644894
389	5	-3.798707	-3.668278
389	6	-3.757777	-3.716842
389	7	-3.638813	-3.610239
389	8	-3.628222	-3.633373
389	9	-3.718751	-3.623107
389	10	-3.696101	-3.649093
389	11	-3.701369	-3.625621
389	12	-3.707740	-3.650825
389	13	-3.689556	-3.682048
389	14	-3.700082	-3.685496
389	15	-3.705298	-3.770088
389	16	-3.755144	-3.739753
389	17	-3.897352	-3.714345
389	18	-3.831201	-3.699417
389	19	-3.850302	-3.707676
389	20	-3.878424	-3.776289
389	21	-3.906148	-3.796443
389	22	-3.853254	-3.794190
389	23	-3.980793	-3.703993
389	24	-4.054498	-3.720431
389	25	-4.042703	-3.774191
389	26	-4.030042	-3.810808
389	27	-4.147014	-3.820989
389	28	-4.114345	-3.848528
390	1	2.975796	-2.598879
390	2	3.034533	-2.608353
390	3	3.056281	-2.643573
390	4	3.002873	-2.611782
390	5	2.827287	-2.663184
390	6	2.885583	-2.695371
390	7	3.008648	-2.587727
390	8	2.997365	-2.602739
390	9	2.910525	-2.609453
390	10	2.931079	-2.642774
390	11	2.920003	-2.590578
390	12	2.924027	-2.627543
390	13	2.933529	-2.628225
390	14	2.928117	-2.645566
390	15	2.802617	-2.706175
390	16	2.875154	-2.701194
390	17	2.726920	-2.702869
390	18	2.796568	-2.646524
390	19	2.753729	-2.665142
390	20	2.732149	-2.747236
390	21	2.714252	-2.757190
390	22	2.769562	-2.746799
390	23	2.636928	-2.669405
390	24	2.573004	-2.683064
390	25	2.582285	-2.734585
390	26	2.603273	-2.762210
390	27	2.490351	-2.794628
390	28	2.518457	-2.832686
391	1	2.958706	-0.489569
391	2	3.021994	-0.490347
391	3	3.039312	-0.544732
391	4	2.979589	-0.512039
391	5	2.820446	-0.568028
391	6	2.859555	-0.603732
391	7	2.975786	-0.501704
391	8	2.971027	-0.497618
391	9	2.888191	-0.525739
391	10	2.918235	-0.543768
391	11	2.905013	-0.505832
391	12	2.900839	-0.530427
391	13	2.883952	-0.544766
391	14	2.879480	-0.554735
391	15	2.814958	-0.625568
391	16	2.854157	-0.613700
391	17	2.714470	-0.632715
391	18	2.769514	-0.548593
391	19	2.740023	-0.595053
391	20	2.723423	-0.637432
391	21	2.697448	-0.665529
391	22	2.751524	-0.658766
391	23	2.632025	-0.598106
391	24	2.563611	-0.603709
391	25	2.551776	-0.641683
391	26	2.587703	-0.669250
391	27	2.447849	-0.742388
391	28	2.492202	-0.735286
392	1	3.007558	-0.452852
392	2	3.071851	-0.459123
392	3	3.077345	-0.497302
392	4	3.030644	-0.468965
392	5	2.859975	-0.524866
392	6	2.909612	-0.565024
392	7	3.028128	-0.456177
392	8	3.022511	-0.456679
392	9	2.937124	-0.470928
392	10	2.961864	-0.499143
392	11	2.940411	-0.454473
392	12	2.943983	-0.490531
392	13	2.949021	-0.490557
392	14	2.950336	-0.506358
392	15	2.862759	-0.570081
392	16	2.894418	-0.560761
392	17	2.762189	-0.567323
392	18	2.812316	-0.511871
392	19	2.772062	-0.537744
392	20	2.753061	-0.609051
392	21	2.744380	-0.626539
392	22	2.784911	-0.613413
392	23	2.666863	-0.538227
392	24	2.602217	-0.548194
392	25	2.605208	-0.598090
392	26	2.624260	-0.619576
392	27	2.515787	-0.664277
392	28	2.550256	-0.681712
