      1   -3.51662    2.72757
      2   -3.62111    2.71327
      3   -3.69772    2.74012
      4   -3.67926    2.69663
      5   -3.53395    2.73742
      6   -3.60894    2.75796
      7   -3.78172    2.71278
      8   -3.77999    2.70242
      9   -3.7417     2.62888
     10   -3.8        2.64465
     11   -3.82455    2.61479
     12   -3.84797    2.61881
     13   -3.80781    2.64514
     14   -3.88746    2.56924
     15   -3.83578    2.65105
     16   -3.92014    2.62114
     17   -3.84519    2.59339
     18   -3.93799    2.60621
     19   -3.91666    2.53019
     20   -3.96027    2.57043
     21   -3.98933    2.60872
     22   -4.02965    2.62847
     23   -3.97297    2.53241
     24   -3.98081    2.59772
     25   -3.98875    2.59234
     26   -4.02387    2.58235
     27   -3.99602    2.49102
     28   -3.9553     2.4969
     29   -4.93922    1.51781
     30   -4.86931    1.74075
     31   -4.82399    1.74607
     32   -4.95198    1.62748
     33   -4.85443    1.64754
     34   -4.90793    1.65097
     35   -7.16817    1.61469
     36   -5.78774    1.62726
     37   -6.35705    1.52533
     38   -6.18483    1.53357
     39   -6.22724    1.38803
     40   -6.61771    1.28787
     41   3.0280064262   -0.319978366142
     42   2.88756184559   -0.306930413727
     43   2.90678896418   -0.303997668575
     44   2.91363820295   -0.301707026156
     45   2.97838806298   -0.318134148271
     46   2.93633108058   -0.309265977169
     47   2.99349707865   -0.284500454314
     48   3.00334829634   -0.292178326774
     49   2.85555109285   -0.29097617372
     50   2.97857458293   -0.273245355447
     51   3.01945513531   -0.286429533592
     52   3.10466655095   -0.305968506108
     53   2.96015078086   -0.256880345238
     54   2.89037208993   -0.254895203666
     55   2.90363761105   -0.253686348585
     56   2.92522257776   -0.227026112682
     57   2.98835515361   -0.226643309562
     58   2.9494102433   -0.24962454314
     59   2.99099291377   -0.251409375416
     60   3.00283387637   -0.214866948446
     61   2.91873108444   -0.220314125355
     62   2.83291070516   -0.21941796395
     63   2.95428773426   -0.202338568994
     64   2.93121703295   -0.176761725991
     65   2.88273250317   -0.205433984373
     66   3.01798034565   -0.230759927436
     67   2.94132505108   -0.224080127094
     68   2.88999278199   -0.208081966558
     69   2.90458464466   -0.220074257963
     70   2.91393810874   -0.230740559906
     71   2.91346265951   -0.215495317291
     72   2.90571923413   -0.233272025163
     73   2.84570479894   -0.244754495798
     74   2.92056396928   -0.255605478248
     75   2.92934102114   -0.268636821124
     76   2.89539007779   -0.285547205874
     77   2.95394884078   -0.260017338368
     78   3.05736608125   -0.329270549248
     79   2.89929339063   -0.289224645392
